kinematics:
  shoulder:
    x: 0
    y: 0
    z: 0.18081968955798347
    roll: -0
    pitch: 0
    yaw: -1.5163257281736175e-07
  upper_arm:
    x: 0.0001456093972520112
    y: 0
    z: 0
    roll: 1.5699329609652921
    pitch: 0
    yaw: -1.9569361802140861e-06
  forearm:
    x: -0.47847653170832138
    y: 0
    z: 0
    roll: 0.00072291162795792645
    pitch: 0.00091792446470280551
    yaw: -2.5942287132247119e-06
  wrist_1:
    x: -0.35974181604649325
    y: -0.0003621142591738172
    z: 0.17494896731391521
    roll: 0.0020698249758947279
    pitch: 0.00026725507477400257
    yaw: 4.4110336973472449e-06
  wrist_2:
    x: 5.1325990365662431e-05
    y: -0.11986621413176356
    z: -3.3783971547799424e-05
    roll: 1.5710781741102384
    pitch: 0
    yaw: -6.560185613346815e-07
  wrist_3:
    x: -3.4062153782201932e-05
    y: 0.11562643465956536
    z: -1.3563183894578365e-05
    roll: 1.5706790250388378
    pitch: 3.1415926535897931
    yaw: -3.1415925337905204
  hash: calib_6927668154486911702